QKRA-AWSL : k = 10, Averaged over(z) = 100


QKRA-AWSL: k = 10, Averaged over(z) = 100 : 


QKRA-AWSL: k = 10, Averaged over(z) = 10 : 

X range : [600. 625. 650. 675. 700. 725. 750. 775. 800. 825. 850. 875. 900.] 
Average SRCR : [0.45683333 0.43312    0.42723077 0.41244444 0.405      0.38717241
 0.3796     0.3683871  0.366875   0.34618182 0.34129412 0.33817143
 0.329     ] 
Average TUR : [0.89619048 0.88936508 0.90174603 0.90619048 0.9152381  0.91174603
 0.91095238 0.91396825 0.93253968 0.92333333 0.92555556 0.93666667
 0.93730159] 


QKRA-AWSL: k = 10, Averaged over(z) = 10 : 

X range : 100.0, 125.0, 150.0, 175.0, 200.0, 225.0, 250.0, 275.0, 300.0, 325.0, 350.0, 375.0, 400.0, 425.0, 450.0, 475.0, 500.0, 525.0, 550.0, 575.0, 600.0, 625.0, 650.0 
Average SRCR : 1.0, 0.9992000000000001, 0.9893333333333333, 0.932, 0.8969999999999999, 0.8791111111111112, 0.8096, 0.7654545454545454, 0.7273333333333333, 0.6793846153846154, 0.6731428571428573, 0.6445333333333334, 0.6035, 0.580235294117647, 0.5551111111111111, 0.5534736842105262, 0.5214000000000001, 0.5131428571428571, 0.4796363636363637, 0.46869565217391307, 0.4501666666666667, 0.43424000000000007, 0.42938461538461536 
Average TUR : 0.3590476190476191, 0.45238095238095244, 0.5384126984126983, 0.5992063492063492, 0.6609523809523811, 0.7044444444444445, 0.7344444444444445, 0.7596825396825396, 0.7776190476190475, 0.7949206349206348, 0.8166666666666667, 0.825079365079365, 0.8273015873015872, 0.8373015873015872, 0.8450793650793649, 0.8687301587301587, 0.8609523809523811, 0.8803174603174606, 0.8776190476190477, 0.882698412698413, 0.8885714285714288, 0.8925396825396825, 0.8949206349206351 
Average NSP : 414.5, 505.7, 594.5, 646.7, 707.1, 779.3, 796.3, 826.4, 855.8, 864.0, 919.9, 946.1, 947.8, 964.1, 974.5, 1027.3, 1021.0, 1051.7, 1031.8, 1052.9, 1055.1, 1060.4, 1092.5


QKRA-AWSL: k = 10, Averaged over(z) = 10 : 

X range : 100.0, 125.0, 150.0, 175.0, 200.0, 225.0, 250.0, 275.0, 300.0, 325.0, 350.0, 375.0, 400.0, 425.0, 450.0, 475.0 
Average SRCR : 1.0, 0.9975999999999999, 0.9826666666666666, 0.9462857142857143, 0.9094999999999999, 0.8697777777777779, 0.826, 0.78, 0.7290000000000002, 0.6944615384615386, 0.6694285714285715, 0.6389333333333334, 0.618, 0.5905882352941176, 0.5657777777777777, 0.5416842105263158 
Average TUR : 0.3653968253968254, 0.4533333333333334, 0.5334920634920635, 0.613015873015873, 0.6673015873015874, 0.7038095238095239, 0.7365079365079366, 0.7609523809523809, 0.7799999999999999, 0.7871428571428571, 0.8150793650793648, 0.8228571428571427, 0.8398412698412697, 0.8453968253968253, 0.8463492063492062, 0.8596825396825398 
Average NSP : 410.9, 505.5, 591.2, 659.6, 719.9, 770.2, 811.2, 841.4, 856.3, 884.5, 913.6, 935.0, 965.6, 979.9, 995.6, 1004.8


QKRA-AWSL: k = 10, Averaged over(z) = 10 : 

X range : 600.0, 625.0, 650.0, 675.0, 700.0, 725.0, 750.0, 775.0, 800.0, 825.0, 850.0, 875.0, 900.0, 925.0, 950.0, 975.0 
Average SRCR : 0.4493333333333333, 0.44688, 0.4304615384615384, 0.4133333333333334, 0.39514285714285713, 0.392, 0.3825333333333333, 0.37329032258064515, 0.36150000000000004, 0.3558787878787879, 0.3475294117647059, 0.33737142857142854, 0.33255555555555555, 0.31545945945945947, 0.31705263157894736, 0.3107692307692308 
Average TUR : 0.8893650793650796, 0.9015873015873017, 0.9023809523809525, 0.9050793650793653, 0.9107936507936509, 0.9034920634920637, 0.914920634920635, 0.9230158730158731, 0.9239682539682541, 0.931904761904762, 0.9306349206349207, 0.9323809523809524, 0.9360317460317461, 0.9349206349206349, 0.9433333333333334, 0.9493650793650794 
Average NSP : 1050.3, 1092.2, 1095.5, 1090.8, 1081.3, 1110.1, 1124.1, 1127.5, 1127.9, 1150.6, 1153.4, 1151.9, 1168.1, 1143.5, 1179.8, 1183.4


QKRA-AWSL: k = 10, Averaged over(z) = 10 : 

X range : 25.0, 50.0, 75.0, 100.0, 125.0, 150.0, 175.0, 200.0, 225.0, 250.0, 275.0, 300.0, 325.0, 350.0, 375.0, 400.0, 425.0, 450.0, 475.0, 500.0, 525.0, 550.0, 575.0, 600.0, 625.0, 650.0, 675.0, 700.0, 725.0, 750.0, 775.0, 800.0, 825.0 
Average SRCR : 1.0, 1.0, 1.0, 1.0, 0.9928000000000001, 0.9826666666666666, 0.946857142857143, 0.8985, 0.8666666666666666, 0.8044, 0.7821818181818182, 0.735, 0.7092307692307693, 0.6728571428571428, 0.6362666666666665, 0.6174999999999999, 0.5840000000000001, 0.5493333333333332, 0.5389473684210527, 0.5214000000000001, 0.4939047619047619, 0.48236363636363633, 0.4648695652173913, 0.4536666666666667, 0.44432, 0.43015384615384616, 0.4139259259259259, 0.40842857142857136, 0.3931034482758621, 0.3821333333333333, 0.3726451612903226, 0.3590000000000001, 0.35963636363636364 
Average TUR : 0.0892063492063492, 0.18253968253968256, 0.26857142857142857, 0.35301587301587306, 0.4512698412698414, 0.5328571428571428, 0.6044444444444445, 0.6631746031746033, 0.7053968253968256, 0.7320634920634921, 0.765079365079365, 0.7763492063492063, 0.8001587301587302, 0.8139682539682539, 0.825079365079365, 0.8344444444444443, 0.8438095238095238, 0.8488888888888887, 0.8634920634920634, 0.865079365079365, 0.8652380952380954, 0.8773015873015874, 0.8850793650793654, 0.8926984126984129, 0.894761904761905, 0.8988888888888891, 0.9071428571428573, 0.913809523809524, 0.9133333333333334, 0.9230158730158731, 0.925873015873016, 0.9266666666666667, 0.9388888888888889 
Average NSP : 115.7, 218.9, 316.5, 414.0, 501.1, 590.8, 657.9, 708.7, 766.1, 789.4, 843.5, 866.7, 903.1, 923.2, 932.5, 963.6, 969.9, 970.2, 1002.2, 1017.6, 1013.9, 1038.1, 1045.4, 1063.7, 1086.2, 1094.4, 1089.4, 1114.9, 1110.9, 1119.4, 1130.7, 1119.9, 1157.0


QKRA-AWSL: k = 10, Averaged over(z) = 10 : 

X range : 25.0, 50.0, 75.0, 100.0, 125.0, 150.0, 175.0, 200.0, 225.0, 250.0, 275.0, 300.0, 325.0, 350.0, 375.0, 400.0, 425.0, 450.0, 475.0, 500.0, 525.0, 550.0, 575.0, 600.0, 625.0, 650.0, 675.0, 700.0, 725.0, 750.0, 775.0, 800.0, 825.0 
Average SRCR : 1.0, 1.0, 1.0, 1.0, 0.9992000000000001, 0.992, 0.9617142857142857, 0.9179999999999999, 0.8844444444444447, 0.8144, 0.7654545454545454, 0.7266666666666667, 0.700923076923077, 0.6385714285714286, 0.6264000000000001, 0.5952500000000001, 0.5625882352941177, 0.5402222222222222, 0.5181052631578947, 0.4952, 0.47352380952380957, 0.4616363636363636, 0.4528695652173913, 0.4375, 0.42160000000000003, 0.4029230769230769, 0.3897777777777777, 0.38500000000000006, 0.37503448275862067, 0.36373333333333335, 0.352258064516129, 0.34662499999999996, 0.3423030303030303 
Average TUR : 0.08968253968253968, 0.17285714285714288, 0.26730158730158726, 0.35285714285714287, 0.4495238095238096, 0.5444444444444444, 0.6076190476190476, 0.6738095238095239, 0.713968253968254, 0.7353968253968255, 0.7547619047619047, 0.7839682539682539, 0.8022222222222222, 0.8047619047619048, 0.8304761904761904, 0.8344444444444443, 0.8458730158730157, 0.8604761904761904, 0.8688888888888892, 0.8755555555555556, 0.8811111111111112, 0.8963492063492066, 0.907936507936508, 0.9163492063492065, 0.9160317460317462, 0.9180952380952382, 0.921904761904762, 0.9195238095238096, 0.9349206349206349, 0.9280952380952382, 0.930952380952381, 0.9430158730158731, 0.95 
Average NSP : 100.5, 200.6, 299.5, 398.3, 490.6, 578.6, 653.1, 707.6, 768.3, 786.0, 813.2, 844.7, 892.1, 869.9, 917.8, 930.3, 936.8, 954.1, 965.0, 974.6, 981.9, 1004.7, 1026.7, 1036.6, 1040.1, 1032.9, 1041.3, 1066.3, 1079.8, 1080.5, 1081.5, 1101.8, 1121.0


QKRA-AWSL: k = 10, Averaged over(z) = 100 : 

X range : 25.0, 50.0, 75.0, 100.0, 125.0, 150.0, 175.0, 200.0, 225.0, 250.0, 275.0, 300.0, 325.0, 350.0, 375.0, 400.0, 425.0, 450.0, 475.0, 500.0, 525.0, 550.0, 575.0, 600.0, 625.0, 650.0, 675.0, 700.0, 725.0, 750.0, 775.0, 800.0, 825.0 
Average SRCR : 1.0, 1.0, 1.0, 1.0, 0.9988800000000001, 0.9914666666666669, 0.9643999999999996, 0.9167000000000003, 0.8664444444444441, 0.82512, 0.7702909090909092, 0.7294000000000003, 0.6940307692307696, 0.6609142857142857, 0.6276266666666666, 0.59955, 0.5693176470588237, 0.5431333333333334, 0.5214105263157894, 0.5011800000000002, 0.4817333333333331, 0.46221818181818203, 0.447913043478261, 0.43323333333333325, 0.41963200000000006, 0.40832307692307696, 0.39557037037037035, 0.38470000000000004, 0.3738482758620688, 0.36377333333333334, 0.3542709677419357, 0.3462875000000001, 0.33629090909090914 
Average TUR : 0.08892063492063479, 0.17873015873015854, 0.2691111111111112, 0.35838095238095236, 0.45080952380952355, 0.5368412698412701, 0.6151269841269845, 0.6680793650793656, 0.7058571428571428, 0.7362857142857142, 0.7600952380952379, 0.7810476190476191, 0.7976666666666666, 0.8126507936507933, 0.8272380952380952, 0.8395396825396821, 0.8526507936507933, 0.8618253968253968, 0.8691111111111107, 0.8803333333333324, 0.8876825396825394, 0.893253968253968, 0.9004126984126982, 0.9062380952380955, 0.910730158730158, 0.9180952380952376, 0.9236507936507931, 0.925507936507936, 0.9301746031746029, 0.9344126984126973, 0.9361587301587295, 0.9418253968253966, 0.9427301587301582 
Average NSP : 99.92, 200.09, 299.44, 396.96, 490.62, 579.66, 653.3, 708.95, 754.75, 801.0, 821.92, 849.94, 877.57, 901.21, 919.76, 937.72, 947.42, 959.94, 974.24, 986.37, 996.27, 1003.21, 1017.59, 1028.16, 1037.34, 1050.17, 1057.49, 1066.72, 1074.0, 1081.52, 1089.37, 1099.07, 1101.92
