QKRA-SSL : k = 5, Averaged over(z) = 100
X range : [600. 650. 700. 750. 800. 850.]
 Average SRCR : [0.45635    0.4328     0.4081     0.38816    0.369075   0.35088235]
 Average TUR : [0.89055556 0.90312698 0.90865079 0.91990476 0.927      0.93336508]
QKRA-SSL: k = 10, Averaged over(z) = 100 
X range : [  25.   50.   75.  100.  125.  150.  175.  200.  225.  250.  275.  300.
  325.  350.  375.  400.  425.  450.  475.  500.  525.  550.  575.  600.
  625.  650.  675.  700.  725.  750.  775.  800.  825.  850.  875.  900.
  925.  950.  975. 1000.]
 Average SRCR : [1.         1.         1.         0.9987     0.99248    0.97733333
 0.94868571 0.9045     0.86924444 0.82152    0.78025455 0.73586667
 0.69836923 0.66751429 0.63749333 0.608625   0.58265882 0.56235556
 0.53576842 0.51914    0.50247619 0.48423636 0.47154783 0.45373333
 0.44192    0.42787692 0.41777778 0.40454286 0.39502069 0.38272
 0.3739871  0.3629625  0.35692121 0.34636471 0.33829714 0.33206667
 0.3236     0.31827368 0.30985641 0.30527   ]
 Average TUR : [0.08915873 0.17836508 0.27052381 0.35993651 0.45111111 0.53842857
 0.60936508 0.66587302 0.70868254 0.74131746 0.76319048 0.78304762
 0.79815873 0.81493651 0.82465079 0.83744444 0.84463492 0.85452381
 0.86130159 0.87104762 0.87806349 0.88334921 0.89015873 0.89350794
 0.9007619  0.90312698 0.9088254  0.91314286 0.91863492 0.92006349
 0.925      0.92788889 0.93090476 0.93212698 0.93726984 0.94012698
 0.94319048 0.94590476 0.94738095 0.95046032]


QKRA-SSL: k = 10, Averaged over(z) = 10 : 

X range : [600. 625. 650. 675. 700. 725. 750. 775. 800. 825. 850. 875. 900.] 
Average SRCR : [0.45483333 0.4352     0.42969231 0.41733333 0.40071429 0.39517241
 0.3808     0.37406452 0.371125   0.35369697 0.34458824 0.34342857
 0.33277778] 
Average TUR : [0.89396825 0.89571429 0.90555556 0.90698413 0.91603175 0.91603175
 0.92095238 0.92349206 0.92349206 0.93777778 0.92920635 0.94
 0.93714286] 
Elapsed Time : 0.3890812142690023 Hrs

QKRA-SSL: k = 10, Averaged over(z) = 10 : 

X range : [600. 625. 650. 675. 700. 725. 750. 775. 800. 825. 850. 875. 900.] 
Average SRCR : [0.4585     0.44592    0.42076923 0.42       0.40857143 0.39958621
 0.38946667 0.37612903 0.367      0.36024242 0.34741176 0.34011429
 0.32977778] 
Average TUR : [0.89698413 0.90555556 0.90190476 0.90285714 0.91809524 0.91603175
 0.92126984 0.92746032 0.92587302 0.94111111 0.93285714 0.93666667
 0.94333333] 
Elapsed Time : 0.3584 Hrs

QKRA-SSL: k = 10, Averaged over(z) = 10 : 

X range : [600. 625. 650. 675. 700. 725. 750. 775. 800. 825. 850. 875. 900.] 
Average SRCR : [0.45466667 0.4416     0.42446154 0.4162963  0.40357143 0.39434483
 0.38546667 0.37432258 0.366375   0.35551515 0.346      0.34091429
 0.33155556] 
Average TUR : [0.89349206 0.89777778 0.89904762 0.91095238 0.90857143 0.9147619
 0.9231746  0.92746032 0.92269841 0.93587302 0.92825397 0.93920635
 0.94095238] 


QKRA-SSL: k = 10, Averaged over(z) = 10 : 

X range : [600. 625. 650. 675. 700. 725. 750. 775. 800. 825. 850. 875. 900.] 
Average SRCR : [0.45616667 0.44032    0.42015385 0.42014815 0.41171429 0.3942069
 0.39       0.37625806 0.365125   0.36218182 0.35247059 0.34274286
 0.32377778] 
Average TUR : [0.89730159 0.8984127  0.90444444 0.90920635 0.91761905 0.91571429
 0.92904762 0.92888889 0.92793651 0.93587302 0.93761905 0.94111111
 0.9315873 ] 


QKRA-SSL: k = 10, Averaged over(z) = 10 : 

X range : [10. 15. 20. 25. 30. 35. 40. 45. 50. 55. 60. 65. 70.] 
Average SRCR : [1. 1. 1. 1. 1. 1. 1. 1. 1. 1. 1. 1. 1.] 
Average TUR : [0.03587302 0.05396825 0.07190476 0.0931746  0.10555556 0.12253968
 0.14650794 0.15714286 0.17984127 0.19333333 0.21984127 0.23809524
 0.24761905] 


QKRA-SSL: k = 10, Averaged over(z) = 10 : 

X range : [600. 625. 650. 675. 700. 725. 750. 775. 800. 825. 850. 875. 900.] 
Average SRCR : [0.45666667 0.44576    0.42907692 0.41392593 0.39928571 0.39903448
 0.386      0.37341935 0.366      0.35757576 0.34729412 0.33862857
 0.33011111] 
Average TUR : [0.89634921 0.9047619  0.89904762 0.90984127 0.89761905 0.92
 0.92492063 0.92746032 0.93333333 0.93269841 0.93492063 0.93793651
 0.93809524] 


QKRA-SSL: k = 10, Averaged over(z) = 10 : 

X range : [100. 125. 150. 175. 200. 225. 250. 275. 300. 325. 350. 375. 400. 425.
 450. 475. 500. 525. 550. 575. 600. 625. 650.] 
Average SRCR : [0.999      0.9944     0.98266667 0.93885714 0.8945     0.86355556
 0.826      0.77818182 0.72666667 0.69907692 0.67428571 0.64613333
 0.61575    0.58470588 0.55511111 0.53136842 0.521      0.49904762
 0.47945455 0.47165217 0.45566667 0.44496    0.42584615] 
Average TUR : [0.35873016 0.44634921 0.54111111 0.60253968 0.66777778 0.71492063
 0.72952381 0.76777778 0.78809524 0.79587302 0.81730159 0.82936508
 0.84349206 0.83873016 0.85253968 0.8531746  0.87603175 0.8684127
 0.88222222 0.89444444 0.8931746  0.9047619  0.89396825] 
Average NSP : [ 399.5  496.8  587.4  649.5  704.4  762.6  809.8  838.3  853.   889.9
  921.7  942.5  958.8  968.4  972.   983.8 1012.9 1019.5 1026.9 1056.2
 1067.5 1081.7 1076.8]


QKRA-SSL: k = 10, Averaged over(z) = 1 : 

X range : [ 600.  625.  650.  675.  700.  725.  750.  775.  800.  825.  850.  875.
  900.  925.  950.  975. 1000. 1025. 1050. 1075. 1100. 1125. 1150.] 
Average SRCR : [0.42833333 0.48       0.42307692 0.41185185 0.40428571 0.39862069
 0.396      0.35741935 0.375      0.36363636 0.35647059 0.34742857
 0.34888889 0.32972973 0.32947368 0.31282051 0.29       0.28878049
 0.28761905 0.29395349 0.27636364 0.26933333 0.27391304] 
Average TUR : [0.86825397 0.9047619  0.92698413 0.89206349 0.89206349 0.93015873
 0.91904762 0.94603175 0.90634921 0.91111111 0.91587302 0.96349206
 0.93968254 0.94126984 0.93809524 0.96507937 0.93174603 0.93968254
 0.95555556 0.95238095 0.96349206 0.95714286 0.95714286] 
Average NSP : [ 999. 1168. 1067. 1075. 1105. 1111. 1157. 1074. 1159. 1167. 1173. 1173.
 1224. 1192. 1226. 1182. 1125. 1142. 1168. 1222. 1170. 1182. 1220.]


QKRA-SSL: k = 10, Averaged over(z) = 1 : 


QKRA-SSL: k = 10, Averaged over(z) = 1 : 

X range : [ 600.  625.  650.  675.  700.  725.  750.  775.  800.  825.  850.  875.
  900.  925.  950.  975. 1000. 1025. 1050. 1075. 1100. 1125. 1150.] 
Average SRCR : [0.44333333 0.4352     0.41538462 0.41333333 0.41428571 0.37931034
 0.368      0.37419355 0.36625    0.36727273 0.34705882 0.34628571
 0.33222222 0.3372973  0.33473684 0.32102564 0.306      0.3004878
 0.29904762 0.29023256 0.29818182 0.28       0.27304348] 
Average TUR : [0.89047619 0.9015873  0.88730159 0.92222222 0.92222222 0.91587302
 0.91904762 0.92222222 0.92539683 0.93809524 0.93333333 0.93492063
 0.94126984 0.95555556 0.95873016 0.95555556 0.94285714 0.94126984
 0.96507937 0.96507937 0.96190476 0.96190476 0.97301587] 
Average NSP : [1036. 1064. 1048. 1086. 1139. 1078. 1078. 1125. 1142. 1172. 1141. 1188.
 1158. 1217. 1232. 1219. 1191. 1194. 1221. 1213. 1265. 1221. 1226.]


QKRA-SSL: k = 10, Averaged over(z) = 10 : 

X range : 25.0, 50.0, 75.0, 100.0, 125.0, 150.0, 175.0, 200.0, 225.0, 250.0, 275.0, 300.0, 325.0, 350.0, 375.0, 400.0, 425.0, 450.0, 475.0, 500.0, 525.0, 550.0, 575.0, 600.0, 625.0, 650.0, 675.0, 700.0, 725.0, 750.0, 775.0, 800.0, 825.0 
Average SRCR : 1.0, 1.0, 1.0, 1.0, 0.9936, 0.9793333333333333, 0.9451428571428571, 0.9105000000000001, 0.8595555555555556, 0.8252, 0.7618181818181818, 0.7293333333333333, 0.7033846153846153, 0.6714285714285715, 0.6248, 0.609, 0.588235294117647, 0.5664444444444444, 0.5429473684210526, 0.5234, 0.49714285714285716, 0.48599999999999993, 0.4669565217391304, 0.4615, 0.45056, 0.42400000000000004, 0.4207407407407408, 0.4035714285714286, 0.39117241379310347, 0.38079999999999997, 0.3696774193548387, 0.36287499999999995, 0.3566060606060606 
Average TUR : 0.0892063492063492, 0.18873015873015872, 0.2666666666666666, 0.3612698412698413, 0.45285714285714285, 0.5395238095238095, 0.6011111111111112, 0.6734920634920636, 0.7052380952380953, 0.7412698412698413, 0.7523809523809524, 0.7774603174603174, 0.806031746031746, 0.8101587301587301, 0.8279365079365079, 0.84015873015873, 0.8428571428571427, 0.853174603174603, 0.8690476190476192, 0.8676190476190477, 0.8739682539682541, 0.8750793650793651, 0.8906349206349209, 0.8965079365079367, 0.9053968253968255, 0.9015873015873017, 0.9065079365079367, 0.9120634920634922, 0.9200000000000002, 0.9192063492063494, 0.9185714285714287, 0.9261904761904762, 0.9328571428571429 
Average NSP : 100.2, 199.6, 300.0, 399.6, 496.0, 584.5, 654.0, 717.3, 759.5, 809.7, 821.0, 855.4, 890.7, 921.7, 915.5, 952.9, 978.6, 993.0, 1003.0, 1017.1, 1014.2, 1041.6, 1044.6, 1076.9, 1096.6, 1072.7, 1105.8, 1101.7, 1101.8, 1108.9, 1119.1, 1131.4, 1143.5


QKRA-SSL: k = 10, Averaged over(z) = 10 : 


QKRA-SSL: k = 10, Averaged over(z) = 100 : 

X range : 25.0, 50.0, 75.0, 100.0, 125.0, 150.0, 175.0, 200.0, 225.0, 250.0, 275.0, 300.0, 325.0, 350.0, 375.0, 400.0, 425.0, 450.0, 475.0, 500.0, 525.0, 550.0, 575.0, 600.0, 625.0, 650.0, 675.0, 700.0, 725.0, 750.0, 775.0, 800.0, 825.0 
Average SRCR : 1.0, 1.0, 0.9998666666666667, 0.9989999999999998, 0.9928000000000003, 0.9755999999999999, 0.949142857142857, 0.9080000000000001, 0.8627111111111122, 0.8195999999999993, 0.7761454545454542, 0.7378000000000001, 0.7006461538461539, 0.6662285714285716, 0.6342666666666668, 0.6075999999999999, 0.5863764705882354, 0.5640444444444443, 0.5404, 0.51992, 0.5015047619047619, 0.48621818181818177, 0.46914782608695665, 0.4535666666666667, 0.44177600000000017, 0.4289999999999998, 0.4164296296296295, 0.40635714285714264, 0.39369655172413787, 0.38218666666666673, 0.3758064516129032, 0.36426249999999993, 0.3562666666666667 
Average TUR : 0.08942857142857129, 0.18058730158730132, 0.2678253968253969, 0.3580634920634919, 0.45161904761904714, 0.5341746031746039, 0.6036984126984128, 0.664730158730159, 0.7076349206349206, 0.7413174603174602, 0.7674285714285713, 0.7836825396825396, 0.8028888888888887, 0.8132222222222224, 0.8248412698412697, 0.835460317460317, 0.8470952380952381, 0.8546825396825394, 0.8636507936507932, 0.8713492063492061, 0.8761428571428566, 0.8879523809523807, 0.8878571428571428, 0.8927460317460313, 0.9006190476190471, 0.9057936507936502, 0.9108253968253963, 0.9132380952380946, 0.918380952380952, 0.9211746031746025, 0.9259047619047611, 0.9284920634920634, 0.9318888888888884 
Average NSP : 100.0, 200.13, 299.95, 399.41, 495.64, 582.27, 657.26, 715.12, 761.2, 801.64, 833.49, 864.13, 888.37, 910.91, 927.17, 947.46, 972.78, 988.78, 1000.68, 1011.74, 1025.17, 1040.15, 1051.19, 1059.08, 1074.04, 1085.9, 1094.66, 1107.02, 1109.83, 1115.28, 1131.83, 1132.48, 1142.12
