QKRA-ASSL : k = 5, Averaged over(z) = 10
X range : [600. 650. 700. 750. 800. 850.]
 Average SRCR : [0.3005     0.28       0.267      0.2504     0.233      0.22070588]
 Average TUR : [0.56063492 0.56603175 0.57126984 0.56603175 0.57571429 0.5752381 ]
QKRA-ASSL : k = 5, Averaged over(z) = 100
X range : [600. 650. 700. 750. 800. 850.]
 Average SRCR : [0.29735    0.27952308 0.26211429 0.24744    0.2362     0.22181176]
 Average TUR : [0.55952381 0.56377778 0.56738095 0.56877778 0.57414286 0.57652381]
QKRA-ASSL : k = 5, Averaged over(z) = 100
QKRA-ASSL : k = 5, Averaged over(z) = 100
QKRA-ASSL : k = 5, Averaged over(z) = 100
X range : [600. 650. 700. 750. 800. 850.]
 Average SRCR : [0.64148333 0.60761538 0.5783     0.54988    0.5269375  0.50434118]
 Average TUR : [0.59752381 0.55685714 0.5192381  0.4702381  0.43069841 0.39211111]
QKRA-ASSL : k = 10, Averaged over(z) = 100
QKRA-ASSL : k = 10, Averaged over(z) = 100
QKRA-ASSL: k = 10, Averaged over(z) = 10 
X range : [10. 15. 20. 25. 30. 35.]
 Average SRCR : [1. 1. 1. 1. 1. 1.]
 Average TUR : [0.02365079 0.03507937 0.05174603 0.06015873 0.07095238 0.07968254]
QKRA-ASSL: k = 10, Averaged over(z) = 100 
X range : [  25.   50.   75.  100.  125.  150.  175.  200.  225.  250.  275.  300.
  325.  350.  375.  400.  425.  450.  475.  500.  525.  550.  575.  600.
  625.  650.  675.  700.  725.  750.  775.  800.  825.  850.  875.  900.
  925.  950.  975. 1000.]
 Average SRCR : [1.         1.         1.         1.         0.99976    0.99993333
 0.99914286 0.9951     0.98457778 0.96164    0.93345455 0.91016667
 0.87584615 0.84805714 0.81930667 0.793175   0.77616471 0.74744444
 0.73084211 0.70794    0.69059048 0.66930909 0.64893913 0.6327
 0.62168    0.60766154 0.59146667 0.57694286 0.5629931  0.54876
 0.53579355 0.5248     0.51198788 0.50388235 0.49122286 0.48047778
 0.46897297 0.46037895 0.45245128 0.44366   ]
 Average TUR : [0.06046032 0.11993651 0.17947619 0.23969841 0.29895238 0.36026984
 0.42125397 0.47979365 0.53631746 0.57890476 0.604      0.62757143
 0.64149206 0.64871429 0.65365079 0.65633333 0.65826984 0.65538095
 0.65260317 0.64569841 0.63714286 0.62307937 0.6075873  0.59147619
 0.58353968 0.56668254 0.54001587 0.51865079 0.50004762 0.47403175
 0.45014286 0.4291746  0.40350794 0.39233333 0.36777778 0.35212698
 0.33106349 0.32103175 0.31301587 0.30149206]


QKRA-ASSL: k = 10, Averaged over(z) = 10 : 

X range : [600. 625. 650. 675. 700. 725. 750. 775. 800. 825. 850. 875. 900.] 
Average SRCR : [0.45083333 0.4448     0.43092308 0.41111111 0.40571429 0.38868966
 0.38653333 0.37677419 0.364125   0.35866667 0.34870588 0.33908571
 0.32855556] 
Average TUR : [0.89349206 0.90555556 0.89936508 0.90650794 0.91396825 0.91968254
 0.92380952 0.92968254 0.92761905 0.93460317 0.93587302 0.9347619
 0.93301587] 


QKRA-ASSL: k = 10, Averaged over(z) = 10 : 

X range : [10. 15. 20. 25. 30. 35. 40. 45. 50. 55. 60. 65. 70.] 
Average SRCR : [1. 1. 1. 1. 1. 1. 1. 1. 1. 1. 1. 1. 1.] 
Average TUR : [0.03634921 0.05285714 0.07031746 0.09142857 0.10301587 0.12857143
 0.14       0.1684127  0.18206349 0.19698413 0.22       0.22968254
 0.25269841] 
Average NSP : [ 39.8  60.   80.3  99.8 120.  139.6 159.9 180.  200.4 220.  240.  260.2
 280. ]

QKRA-ASSL: k = 10, Averaged over(z) = 10 : 

X range : 100.0, 125.0, 150.0, 175.0, 200.0, 225.0, 250.0, 275.0, 300.0, 325.0, 350.0, 375.0, 400.0, 425.0, 450.0, 475.0, 500.0, 525.0, 550.0, 575.0, 600.0, 625.0, 650.0 
Average SRCR : 0.998, 0.9944, 0.9753333333333334, 0.9577142857142855, 0.9174999999999999, 0.8737777777777778, 0.8028000000000001, 0.7745454545454544, 0.7413333333333333, 0.7003076923076923, 0.6717142857142858, 0.6384000000000001, 0.597, 0.591764705882353, 0.5737777777777779, 0.5433684210526317, 0.525, 0.5041904761904762, 0.48636363636363633, 0.4723478260869565, 0.4668333333333334, 0.44128, 0.42953846153846154 
Average TUR : 0.36396825396825394, 0.4477777777777779, 0.5361904761904761, 0.6044444444444445, 0.6573015873015874, 0.7119047619047619, 0.7328571428571429, 0.766984126984127, 0.7912698412698412, 0.8023809523809524, 0.8196825396825396, 0.8309523809523809, 0.828095238095238, 0.8495238095238093, 0.8576190476190477, 0.8687301587301587, 0.8749206349206352, 0.8750793650793651, 0.8790476190476193, 0.8834920634920638, 0.9026984126984129, 0.9034920634920637, 0.9069841269841271 
Average NSP : 399.2, 497.4, 582.2, 664.4, 723.9, 771.9, 785.3, 830.8, 868.0, 887.1, 914.9, 932.5, 930.0, 981.2, 1004.4, 1003.8, 1021.2, 1035.6, 1041.7, 1057.2, 1090.5, 1073.8, 1083.8


QKRA-ASSL: k = 10, Averaged over(z) = 10 : 

X range : 25.0, 50.0, 75.0, 100.0, 125.0, 150.0, 175.0, 200.0, 225.0, 250.0, 275.0, 300.0, 325.0, 350.0, 375.0, 400.0, 425.0, 450.0, 475.0, 500.0, 525.0, 550.0, 575.0, 600.0, 625.0, 650.0, 675.0, 700.0, 725.0, 750.0, 775.0, 800.0, 825.0 
Average SRCR : 1.0, 1.0, 1.0, 0.9960000000000001, 0.9928000000000001, 0.974, 0.9485714285714286, 0.9099999999999999, 0.8795555555555555, 0.8300000000000001, 0.7981818181818182, 0.7403333333333333, 0.7107692307692307, 0.6594285714285715, 0.6480000000000001, 0.6027500000000001, 0.5807058823529412, 0.5655555555555556, 0.5374736842105262, 0.5246000000000001, 0.5064761904761905, 0.48636363636363644, 0.46643478260869575, 0.45633333333333337, 0.44192, 0.4264615384615385, 0.41940740740740734, 0.40499999999999997, 0.3906206896551724, 0.3781333333333334, 0.3718709677419355, 0.36137499999999995, 0.3540606060606061 
Average TUR : 0.0919047619047619, 0.17142857142857143, 0.2679365079365079, 0.3685714285714286, 0.4447619047619048, 0.5331746031746031, 0.6066666666666667, 0.661904761904762, 0.7093650793650794, 0.7498412698412699, 0.7734920634920635, 0.8006349206349206, 0.8098412698412698, 0.8185714285714285, 0.8385714285714284, 0.8334920634920634, 0.8446031746031745, 0.8603174603174605, 0.8592063492063492, 0.8758730158730159, 0.8753968253968255, 0.880793650793651, 0.8811111111111114, 0.8971428571428574, 0.8996825396825399, 0.9049206349206351, 0.9174603174603175, 0.9146031746031748, 0.913809523809524, 0.9126984126984128, 0.9220634920634921, 0.9263492063492065, 0.9352380952380953 
Average NSP : 114.9, 222.0, 318.9, 410.7, 507.4, 589.0, 662.6, 723.7, 781.7, 818.2, 857.0, 869.4, 901.9, 901.3, 946.8, 940.9, 962.1, 994.0, 996.2, 1024.2, 1037.6, 1042.9, 1045.7, 1065.1, 1075.9, 1075.9, 1102.4, 1106.3, 1104.2, 1103.3, 1120.4, 1125.5, 1132.6


QKRA-ASSL: k = 10, Averaged over(z) = 100 : 

X range : 25.0, 50.0, 75.0, 100.0, 125.0, 150.0, 175.0, 200.0, 225.0, 250.0, 275.0, 300.0, 325.0, 350.0, 375.0, 400.0, 425.0, 450.0, 475.0, 500.0, 525.0, 550.0, 575.0, 600.0, 625.0, 650.0, 675.0, 700.0, 725.0, 750.0, 775.0, 800.0, 825.0 
Average SRCR : 1.0, 1.0, 0.9997333333333333, 0.9992, 0.9955200000000001, 0.9758666666666665, 0.9490857142857141, 0.9094000000000007, 0.8704000000000002, 0.8225999999999999, 0.7751272727272724, 0.7356333333333336, 0.700953846153846, 0.6670285714285714, 0.6386133333333334, 0.6107, 0.5820941176470591, 0.5597777777777778, 0.5414526315789474, 0.5180400000000003, 0.5040571428571429, 0.4861818181818183, 0.46906086956521753, 0.45408333333333334, 0.44124800000000003, 0.42996923076923066, 0.4142222222222224, 0.40572857142857144, 0.39158620689655166, 0.3835866666666666, 0.3749032258064514, 0.3655625, 0.35545454545454547 
Average TUR : 0.08966666666666652, 0.1779206349206347, 0.26938095238095255, 0.36238095238095225, 0.44947619047619014, 0.5371269841269846, 0.6107777777777784, 0.664698412698413, 0.7081111111111115, 0.741047619047619, 0.7661904761904755, 0.7849841269841268, 0.8004920634920636, 0.8135555555555554, 0.827952380952381, 0.8385555555555554, 0.844063492063492, 0.8543492063492062, 0.8633968253968253, 0.8684603174603168, 0.879444444444444, 0.8832698412698405, 0.8901111111111113, 0.8970158730158724, 0.899571428571428, 0.9045873015873014, 0.9071111111111106, 0.9130158730158726, 0.9157142857142853, 0.9203968253968248, 0.9261269841269835, 0.9263174603174603, 0.9314285714285713 
Average NSP : 114.76, 219.56, 318.05, 412.97, 506.75, 589.94, 663.2, 721.09, 772.99, 808.85, 836.55, 865.04, 892.96, 913.53, 936.85, 952.95, 966.26, 983.66, 1003.78, 1010.11, 1031.86, 1043.01, 1050.79, 1060.8, 1075.19, 1088.88, 1089.02, 1105.06, 1105.16, 1119.08, 1129.89, 1137.31, 1140.06
